3.91304 3.98516 0.0103952 -0.00130217 -0.000250911 
3.81873 4.02116 0.0102716 -0.00138093 -0.000249259 
3.73139 4.04591 0.0101542 -0.00143175 -0.000251267 
3.64445 4.10397 0.0100396 -0.00145083 -0.000237261 
3.56436 4.15382 0.00993081 -0.0014774 -0.000230809 
3.49459 4.16456 0.00982383 -0.00152092 -0.000235779 
3.43366 4.14064 0.00972163 -0.00156216 -0.000243975 
3.37438 4.13347 0.00962769 -0.00156451 -0.000237186 
3.32023 4.1152 0.00954101 -0.00157004 -0.000236367 
3.26525 4.1346 0.00945817 -0.00152634 -0.000215261 
3.21163 4.15674 0.00938084 -0.00156284 -0.000213352 
3.16286 4.17252 0.00931034 -0.00153387 -0.000204981 
3.12003 4.17638 0.00924619 -0.001471 -0.000194165 
3.0814 4.14981 0.0091814 -0.00154139 -0.000206684 
3.04637 4.10215 0.00911511 -0.00158756 -0.000217221 
3.00784 4.09472 0.00905176 -0.0015928 -0.000207694 
2.97281 4.07132 0.00898859 -0.00161727 -0.000212471 
2.93669 4.05465 0.00892346 -0.00169629 -0.000218867 
2.90356 4.01661 0.00885587 -0.0017614 -0.000231175 
2.87 3.97913 0.00878347 -0.00185175 -0.00024085 
2.83554 3.9569 0.00871402 -0.00188441 -0.000239779 
2.80048 3.9537 0.00864611 -0.00188278 -0.000231463 
2.7632 3.97565 0.00857753 -0.00192353 -0.000224509 
2.7277 3.98436 0.00850867 -0.00201552 -0.000233986 
2.69235 4.01116 0.00844199 -0.00197103 -0.000218842 
2.65784 4.0274 0.00837106 -0.00209304 -0.000229533 
2.62394 4.0379 0.00829968 -0.00220154 -0.000237755 
2.59297 4.0404 0.0082328 -0.00217081 -0.000232254 
2.56114 4.06125 0.0081692 -0.00219894 -0.000224879 
2.53035 4.09393 0.00811032 -0.00211778 -0.00020732 
2.49856 4.1451 0.00805067 -0.00214859 -0.000198191 
2.46669 4.19439 0.00798728 -0.00230205 -0.000207046 
2.43671 4.23582 0.00792297 -0.0023294 -0.000204286 
2.40578 4.28846 0.00785687 -0.00246197 -0.000205644 
2.37632 4.35562 0.00780094 -0.00233809 -0.00018236 
2.34729 4.44293 0.00775179 -0.00225383 -0.000161611 
2.32254 4.51888 0.00771267 -0.00203381 -0.000139448 
2.29924 4.58971 0.00767531 -0.00202897 -0.00013471 
2.27638 4.66707 0.0076394 -0.00202069 -0.000126657 
2.25372 4.76294 0.00760621 -0.00194664 -0.000111386 
2.23307 4.85144 0.00757616 -0.00186302 -0.000102575 
2.21362 4.92468 0.00754715 -0.0019387 -0.000106374 
2.19574 4.99905 0.00752146 -0.00181042 -9.41357e-05 
2.17767 5.08611 0.00749762 -0.00180243 -8.76003e-05 
2.16138 5.17148 0.00747685 -0.00165039 -7.58837e-05 
2.14547 5.26625 0.00745833 -0.00160255 -6.84188e-05 
2.13067 5.3557 0.0074421 -0.00154677 -6.3925e-05 
2.11787 5.43839 0.0074293 -0.00135147 -5.30568e-05 
2.10705 5.49373 0.00741815 -0.00129461 -5.34061e-05 
2.09588 5.56496 0.00740746 -0.00126491 -4.80492e-05 
2.08584 5.6177 0.0073981 -0.00126294 -4.94608e-05 
2.07769 5.65621 0.00739124 -0.00108497 -4.25493e-05 
2.071 5.67512 0.00738544 -0.00100618 -4.12044e-05 
2.06493 5.68725 0.00738051 -0.000963532 -3.99689e-05 
2.05938 5.70498 0.00737655 -0.000842716 -3.35799e-05 
2.05423 5.7221 0.00737317 -0.000789848 -3.10817e-05 
2.04952 5.73967 0.00737048 -0.000715737 -2.76636e-05 
2.0452 5.7605 0.00736821 -0.000630201 -2.33465e-05 
2.04154 5.76511 0.0073661 -0.000637899 -2.58538e-05 
2.03774 5.7819 0.00736442 -0.000576908 -2.14504e-05 
2.03464 5.79905 0.00736332 -0.000450089 -1.59994e-05 
2.03158 5.82024 0.00736249 -0.000413184 -1.37843e-05 
2.02921 5.83775 0.007362 -0.000314843 -1.02223e-05 
2.02781 5.84336 0.00736172 -0.000222504 -8.13727e-06 
2.02644 5.84742 0.00736145 -0.000231266 -8.68296e-06 
2.02515 5.85317 0.00736123 -0.000202651 -7.29268e-06 
2.02365 5.86375 0.00736099 -0.000206652 -6.76752e-06 
2.02225 5.87247 0.0073608 -0.000201922 -6.81117e-06 
2.02127 5.87868 0.0073607 -0.000142272 -4.77395e-06 
2.02045 5.88354 0.00736062 -0.000119936 -4.06241e-06 
2.01966 5.88884 0.00736055 -0.000113858 -3.75262e-06 
2.01857 5.90372 0.00736048 -9.84075e-05 -1.83977e-06 
2.01773 5.91538 0.00736044 -7.46069e-05 -1.34111e-06 
2.01717 5.92252 0.00736043 -5.30827e-05 -1.10652e-06 
2.01686 5.92493 0.00736042 -4.28286e-05 -1.34008e-06 
2.01658 5.92687 0.00736041 -4.10315e-05 -1.3311e-06 
2.01643 5.92633 0.00736041 -3.15142e-05 -1.29175e-06 
2.01634 5.92699 0.00736041 -1.25457e-05 -3.98156e-07 
2.01628 5.92728 0.00736041 -1.03296e-05 -3.60905e-07 
