3.92197 3.97472 0.0102823 -0.00131246 -0.000242446 
3.84507 3.95476 0.0101705 -0.00137839 -0.000250199 
3.77213 3.93838 0.0100615 -0.00139397 -0.000246983 
3.69432 3.97193 0.00995473 -0.00143219 -0.000235448 
3.61668 4.02741 0.00984988 -0.00147712 -0.000227367 
3.54358 4.09495 0.00975615 -0.00146443 -0.000211539 
3.47847 4.15227 0.00967311 -0.00143007 -0.000198423 
3.41618 4.20143 0.00959061 -0.00149457 -0.000201276 
3.35741 4.2559 0.009512 -0.00147505 -0.00018872 
3.30828 4.25412 0.00943648 -0.00151108 -0.000199099 
3.25711 4.28415 0.0093642 -0.00153268 -0.000189548 
3.2075 4.31946 0.0092937 -0.00155623 -0.000184317 
3.15783 4.38927 0.00922741 -0.00150045 -0.000162571 
3.10822 4.45924 0.00916151 -0.00160579 -0.000166689 
3.06532 4.50225 0.00910113 -0.00155929 -0.000160848 
3.02854 4.50024 0.00904039 -0.00159248 -0.000168936 
2.9915 4.49607 0.00897365 -0.00167919 -0.000175913 
2.95227 4.4997 0.00889912 -0.0018346 -0.000186869 
2.91288 4.49529 0.00882304 -0.0019768 -0.000199484 
2.87892 4.46744 0.00875297 -0.00189081 -0.000193087 
2.84606 4.45231 0.00868893 -0.00185845 -0.000186141 
2.81372 4.4499 0.00862907 -0.00183258 -0.000178123 
2.78514 4.42176 0.00856951 -0.00184268 -0.000182742 
2.75498 4.40146 0.00850594 -0.00198265 -0.000193513 
2.72355 4.39555 0.00843868 -0.00207089 -0.000196816 
2.69198 4.39291 0.00837069 -0.00215071 -0.000200084 
2.66134 4.39778 0.00830439 -0.00212388 -0.000192431 
2.62871 4.41804 0.00823358 -0.0022651 -0.000197944 
2.59777 4.43469 0.00816513 -0.00228238 -0.000195718 
2.56788 4.45121 0.00809902 -0.00231473 -0.000194248 
2.5391 4.46616 0.00803392 -0.00234434 -0.000192563 
2.50886 4.51393 0.00797246 -0.00233935 -0.000177964 
2.48198 4.54136 0.00791588 -0.00229506 -0.000173117 
2.4582 4.54704 0.00786482 -0.00224815 -0.000170852 
2.43538 4.57343 0.00782076 -0.00208808 -0.000150175 
2.41408 4.59134 0.00778055 -0.00208008 -0.000148582 
2.39412 4.61712 0.00774662 -0.00194948 -0.000133765 
2.37582 4.64916 0.00771796 -0.0017836 -0.000117502 
2.35567 4.7083 0.00768854 -0.00184644 -0.000111844 
2.33764 4.76672 0.00766463 -0.00166875 -9.66723e-05 
2.32072 4.82101 0.00764255 -0.00162722 -9.18997e-05 
2.3044 4.88398 0.00762248 -0.00155465 -8.23348e-05 
2.28949 4.93982 0.00760559 -0.00149235 -7.72825e-05 
2.27652 4.9935 0.00759257 -0.00130385 -6.46554e-05 
2.26499 5.04144 0.007582 -0.00119627 -5.79107e-05 
2.25444 5.08615 0.00757314 -0.00111639 -5.27441e-05 
2.24539 5.11317 0.00756586 -0.00106896 -5.27863e-05 
2.23804 5.13978 0.00756095 -0.000844927 -4.0121e-05 
2.23173 5.16008 0.0075572 -0.00075732 -3.61767e-05 
2.2265 5.16766 0.00755392 -0.000708545 -3.58504e-05 
2.22133 5.18269 0.00755119 -0.000648297 -3.09143e-05 
2.21667 5.19818 0.00754916 -0.000575672 -2.67705e-05 
2.21264 5.21105 0.00754757 -0.000505672 -2.34983e-05 
2.20901 5.22138 0.00754622 -0.000468373 -2.1982e-05 
2.2059 5.23149 0.00754521 -0.000395377 -1.81371e-05 
2.20293 5.2436 0.0075444 -0.000359552 -1.58604e-05 
2.20049 5.25278 0.00754382 -0.000301591 -1.34164e-05 
2.1981 5.26676 0.00754338 -0.000260015 -1.03465e-05 
2.19595 5.2822 0.00754308 -0.000212575 -7.63396e-06 
2.19487 5.28645 0.00754296 -0.000134538 -5.86419e-06 
2.19377 5.29262 0.00754286 -0.000123996 -4.96286e-06 
2.19301 5.29286 0.00754279 -0.000116513 -5.71268e-06 
2.19197 5.30068 0.00754272 -0.000101513 -3.52196e-06 
2.19147 5.30244 0.00754269 -6.60291e-05 -2.91741e-06 
2.1907 5.30841 0.00754265 -7.47073e-05 -2.5417e-06 
2.19024 5.31087 0.00754263 -5.26752e-05 -2.1193e-06 
2.18979 5.31382 0.00754262 -4.76562e-05 -1.77839e-06 
2.1896 5.31543 0.00754262 -1.77303e-05 -5.64075e-07 
2.18939 5.31781 0.00754262 -1.45499e-05 -2.63491e-07 
2.18928 5.31879 0.00754261 -1.01693e-05 -3.14201e-07 
2.18908 5.32097 0.00754261 -1.45745e-05 -3.02015e-07 
2.18899 5.32238 0.00754261 -3.36453e-06 9.99189e-08 
2.18885 5.32432 0.00754261 -6.29895e-06 5.65913e-08 
2.18868 5.32659 0.00754261 -9.46436e-06 -3.54286e-08 
2.18865 5.32695 0.00754261 -1.50175e-06 -5.59797e-09 
