3.93258 3.91427 0.0104745 -0.00124663 -0.000252617 
3.86495 3.85213 0.0103719 -0.00127549 -0.000255443 
3.79357 3.83062 0.0102758 -0.00129531 -0.000249437 
3.72146 3.84203 0.0101872 -0.00128561 -0.000235225 
3.6557 3.85489 0.0101057 -0.00125088 -0.000222017 
3.59106 3.8692 0.0100205 -0.00130773 -0.000225802 
3.52842 3.86388 0.0099252 -0.00142895 -0.000245201 
3.45985 3.88744 0.00982002 -0.00156176 -0.000255443 
3.39507 3.89207 0.00971449 -0.00166552 -0.000268993 
3.33651 3.89465 0.00962142 -0.00162302 -0.000255186 
3.27384 3.94043 0.00952749 -0.00165955 -0.000241294 
3.22006 3.94228 0.0094341 -0.00171828 -0.000252523 
3.16475 3.96189 0.00934219 -0.00178743 -0.000251907 
3.11612 3.96877 0.00925695 -0.00171841 -0.000238445 
3.06725 3.98323 0.00916947 -0.0017876 -0.000239644 
3.01967 3.98118 0.00907449 -0.00194173 -0.000258549 
2.97297 3.98323 0.00898328 -0.00198992 -0.00025781 
2.92965 3.99209 0.00890389 -0.00191469 -0.000241436 
2.89037 3.99084 0.00883066 -0.00188698 -0.000235496 
2.85317 3.98835 0.00875901 -0.00189197 -0.000232887 
2.81536 4.00023 0.00868898 -0.00191863 -0.000227111 
2.77742 4.02584 0.00862383 -0.00193775 -0.000219933 
2.74327 4.05406 0.00856725 -0.00181038 -0.000198301 
2.70982 4.08141 0.00851049 -0.00185937 -0.000198641 
2.67764 4.11187 0.00845458 -0.00184263 -0.000190733 
2.64569 4.1377 0.00839666 -0.00195805 -0.000199266 
2.61696 4.13944 0.00833783 -0.00200867 -0.000207034 
2.59034 4.12839 0.0082809 -0.00204036 -0.000210297 
2.56324 4.12741 0.00822519 -0.00207987 -0.000209241 
2.53756 4.12863 0.00817139 -0.00204639 -0.000202329 
2.50896 4.15068 0.00811306 -0.00220756 -0.000207815 
2.48238 4.16841 0.00805956 -0.00216497 -0.000200358 
2.45675 4.19645 0.00801087 -0.0020816 -0.00018485 
2.43229 4.21935 0.00796411 -0.00210519 -0.000184257 
2.40969 4.24157 0.00792217 -0.00201164 -0.000171814 
2.38688 4.2682 0.00787915 -0.00207016 -0.000171529 
2.36043 4.34435 0.00783444 -0.00209137 -0.000152904 
2.33444 4.42603 0.00779099 -0.00211204 -0.000146382 
2.30831 4.52306 0.00774952 -0.00211166 -0.000135436 
2.2839 4.62073 0.00771246 -0.00203554 -0.000122897 
2.26063 4.72234 0.00767708 -0.00198686 -0.000112244 
2.23671 4.84671 0.00764408 -0.00200541 -0.000101996 
2.21645 4.9521 0.00761692 -0.00181849 -8.92334e-05 
2.19831 5.03977 0.00759324 -0.00177831 -8.65363e-05 
2.18223 5.12067 0.00757362 -0.00162599 -7.60457e-05 
2.16654 5.21522 0.00755626 -0.0015336 -6.51882e-05 
2.15243 5.28965 0.0075406 -0.00152843 -6.65984e-05 
2.14029 5.35361 0.00752798 -0.00136054 -5.77931e-05 
2.12821 5.42511 0.00751608 -0.00134317 -5.38099e-05 
2.11799 5.47134 0.00750579 -0.00128934 -5.40969e-05 
2.10828 5.5247 0.00749698 -0.00118879 -4.67417e-05 
2.0999 5.56573 0.00748998 -0.00109056 -4.32078e-05 
2.09322 5.58674 0.00748482 -0.000978901 -4.06673e-05 
2.08765 5.605 0.00748114 -0.000818694 -3.34978e-05 
2.08325 5.61432 0.00747846 -0.000694667 -2.91914e-05 
2.07911 5.62497 0.00747614 -0.00064494 -2.65828e-05 
2.07522 5.63713 0.00747423 -0.00059432 -2.39452e-05 
2.07162 5.65228 0.00747277 -0.000527173 -2.04234e-05 
2.06876 5.66318 0.00747174 -0.000429006 -1.67076e-05 
2.06599 5.6722 0.00747081 -0.000428906 -1.68995e-05 
2.06403 5.67351 0.0074702 -0.000346303 -1.44991e-05 
2.06241 5.67403 0.00746973 -0.000291056 -1.2248e-05 
2.06079 5.66981 0.00746915 -0.000327878 -1.45109e-05 
2.05928 5.66824 0.00746872 -0.000288659 -1.24407e-05 
2.05783 5.6698 0.00746843 -0.000254665 -1.05117e-05 
2.05677 5.66938 0.00746822 -0.000197779 -8.3922e-06 
2.05598 5.66202 0.00746796 -0.000203162 -9.67905e-06 
2.05502 5.65365 0.00746766 -0.000241532 -1.1474e-05 
2.05412 5.64724 0.00746743 -0.000216205 -1.0124e-05 
2.0534 5.64296 0.00746728 -0.000166446 -7.71165e-06 
2.05288 5.63612 0.00746715 -0.000150485 -7.44117e-06 
2.05222 5.63284 0.00746704 -0.000147225 -6.7616e-06 
2.05178 5.62888 0.00746698 -0.000112868 -5.41365e-06 
2.05122 5.6323 0.00746695 -7.74947e-05 -2.75964e-06 
2.05078 5.63516 0.00746693 -5.9968e-05 -2.09965e-06 
2.05026 5.6372 0.00746689 -8.09713e-05 -3.11442e-06 
2.05001 5.634 0.00746686 -7.09452e-05 -3.50443e-06 
2.04997 5.62935 0.00746685 -4.52137e-05 -2.64298e-06 
2.04992 5.62608 0.00746684 -3.40107e-05 -1.95479e-06 
2.04989 5.62225 0.00746683 -3.61083e-05 -2.13421e-06 
2.04985 5.61935 0.00746683 -3.09976e-05 -1.77362e-06 
2.04981 5.61778 0.00746683 -1.94996e-05 -1.07602e-06 
2.04976 5.6179 0.00746683 -8.13947e-06 -3.2866e-07 
