3.91966 3.95865 0.010507 -0.00126349 -0.000251645 
3.83571 3.93843 0.0103838 -0.00136336 -0.000263645 
3.74964 3.94739 0.0102612 -0.00143321 -0.000265818 
3.66458 3.98643 0.0101459 -0.00143656 -0.000251031 
3.57924 4.04723 0.0100301 -0.00149771 -0.000245187 
3.50403 4.0746 0.00991906 -0.00155076 -0.000248699 
3.43503 4.09183 0.00981678 -0.00156729 -0.000244177 
3.36769 4.144 0.00972302 -0.0015162 -0.000219911 
3.30759 4.15874 0.00963113 -0.00157945 -0.000228086 
3.2513 4.17406 0.00954445 -0.00158549 -0.000222172 
3.19994 4.16735 0.00945919 -0.00162857 -0.000227843 
3.15018 4.16303 0.00937637 -0.00165946 -0.000227134 
3.10113 4.16888 0.00929808 -0.00167888 -0.000223107 
3.05809 4.16704 0.00922665 -0.00160247 -0.000209552 
3.01595 4.14907 0.00914865 -0.00173884 -0.000227131 
2.98188 4.0802 0.00907173 -0.00175295 -0.000239525 
2.94926 4.02126 0.00900072 -0.00173436 -0.000237506 
2.91795 3.97123 0.00893593 -0.00170788 -0.000233188 
2.88815 3.92214 0.00887128 -0.00170785 -0.000234255 
2.85226 3.91529 0.00880381 -0.00179886 -0.000233178 
2.81313 3.94201 0.00873732 -0.00183551 -0.000223492 
2.77783 3.95657 0.0086752 -0.00181066 -0.000218452 
2.74076 3.98418 0.00861062 -0.00191436 -0.000221136 
2.70201 4.0335 0.00854422 -0.00195167 -0.00021215 
2.66476 4.07976 0.00847805 -0.00199667 -0.000211644 
2.62574 4.13703 0.00840481 -0.00215986 -0.000218754 
2.58848 4.18495 0.00833114 -0.00224314 -0.000221686 
2.55284 4.23831 0.00826304 -0.00221475 -0.000208946 
2.51648 4.31251 0.00819439 -0.00225698 -0.000198636 
2.48051 4.39515 0.00812814 -0.00231882 -0.000192521 
2.44763 4.47971 0.00806857 -0.00219361 -0.00017056 
2.41554 4.54978 0.00800335 -0.00238421 -0.000181827 
2.38315 4.62537 0.00793711 -0.00251342 -0.000182601 
2.35614 4.6701 0.00787891 -0.00238675 -0.000171947 
2.32955 4.70981 0.00782102 -0.00249342 -0.000175869 
2.30503 4.74348 0.00776718 -0.00242174 -0.000166746 
2.28059 4.78855 0.00771665 -0.00242212 -0.000159276 
2.2571 4.85613 0.00767491 -0.00224664 -0.000137409 
2.23552 4.92339 0.00763937 -0.00213133 -0.000124685 
2.21639 4.99118 0.00761078 -0.00191342 -0.000105623 
2.19871 5.05931 0.00758569 -0.00179376 -9.46025e-05 
2.18172 5.13387 0.00756352 -0.00171693 -8.58689e-05 
2.16556 5.2067 0.00754231 -0.00168967 -8.15084e-05 
2.1499 5.28434 0.00752336 -0.00165464 -7.58725e-05 
2.13642 5.34762 0.0075073 -0.00150632 -6.80494e-05 
2.12333 5.41 0.00749279 -0.00150289 -6.60899e-05 
2.11129 5.47999 0.00748139 -0.00133488 -5.45452e-05 
2.10083 5.54521 0.00747236 -0.00116192 -4.54023e-05 
2.09183 5.59528 0.00746469 -0.00107581 -4.25672e-05 
2.08323 5.63509 0.00745742 -0.0011174 -4.52027e-05 
2.07573 5.66772 0.00745149 -0.00101287 -4.06775e-05 
2.06882 5.70138 0.00744672 -0.00092385 -3.59291e-05 
2.06274 5.73248 0.00744305 -0.000816089 -3.10402e-05 
2.05788 5.75857 0.00744064 -0.000654455 -2.43555e-05 
2.05299 5.79465 0.00743845 -0.000593218 -1.99866e-05 
2.04857 5.82505 0.00743667 -0.000560623 -1.91722e-05 
2.0446 5.85185 0.00743525 -0.000514481 -1.75376e-05 
2.04095 5.88206 0.00743425 -0.000436878 -1.37232e-05 
2.0383 5.90039 0.00743357 -0.000348972 -1.16327e-05 
2.03597 5.91586 0.00743305 -0.000313096 -1.04965e-05 
2.03405 5.92805 0.00743268 -0.000264423 -8.9124e-06 
2.03255 5.93483 0.0074324 -0.000227673 -8.12518e-06 
2.03138 5.93712 0.0074322 -0.000200346 -7.61002e-06 
2.03054 5.93871 0.0074321 -0.000143094 -5.43297e-06 
2.02974 5.94224 0.00743202 -0.000124687 -4.44898e-06 
2.02913 5.94498 0.00743198 -9.18798e-05 -3.25389e-06 
2.02876 5.94543 0.00743195 -6.70644e-05 -2.57631e-06 
2.0284 5.94376 0.00743192 -7.89065e-05 -3.31382e-06 
2.02794 5.9447 0.00743189 -7.76826e-05 -2.92501e-06 
2.0275 5.94574 0.00743185 -7.60362e-05 -2.84763e-06 
2.02724 5.93873 0.00743179 -9.92716e-05 -4.80729e-06 
2.02692 5.93429 0.00743175 -9.20951e-05 -4.2026e-06 
2.02661 5.93087 0.00743171 -8.27921e-05 -3.70804e-06 
2.02642 5.92602 0.00743168 -7.19206e-05 -3.47303e-06 
2.02589 5.925 0.00743162 -0.000107648 -4.37972e-06 
2.02539 5.92575 0.00743158 -8.7185e-05 -3.33906e-06 
2.02488 5.92801 0.00743155 -8.00635e-05 -2.85741e-06 
2.02451 5.92983 0.00743153 -5.52033e-05 -1.93299e-06 
2.02397 5.93357 0.00743151 -7.30333e-05 -2.37999e-06 
2.02356 5.93531 0.00743148 -6.58451e-05 -2.35901e-06 
2.02292 5.94154 0.00743145 -7.39531e-05 -2.08643e-06 
2.0224 5.94727 0.00743143 -5.59441e-05 -1.44085e-06 
2.02188 5.95223 0.0074314 -6.11185e-05 -1.74053e-06 
2.02116 5.96048 0.00743137 -7.54294e-05 -1.86779e-06 
2.02061 5.96735 0.00743135 -5.26964e-05 -1.15894e-06 
2.02033 5.97064 0.00743135 -2.91661e-05 -7.05199e-07 
2.02017 5.97231 0.00743134 -1.80771e-05 -4.85543e-07 
2.02007 5.9721 0.00743134 -2.12489e-05 -8.50471e-07 
