3.91901 3.95518 0.0104509 -0.00131172 -0.000256943 
3.83562 3.9405 0.010331 -0.00137327 -0.000260346 
3.75717 3.93586 0.0102207 -0.00137694 -0.000252689 
3.67751 3.94506 0.0101063 -0.00146298 -0.000258226 
3.60219 3.95479 0.00999526 -0.00149414 -0.000255525 
3.5263 3.97898 0.00987922 -0.00157642 -0.000257486 
3.45353 4.01986 0.00977326 -0.00157367 -0.000243576 
3.38717 4.0427 0.00967173 -0.00160874 -0.000244584 
3.32696 4.05301 0.0095775 -0.00160785 -0.000238925 
3.26682 4.08459 0.00948831 -0.00163494 -0.000230054 
3.21742 4.08365 0.009411 -0.00155783 -0.00021969 
3.16796 4.10539 0.00933713 -0.00154239 -0.000207347 
3.11973 4.12009 0.00926029 -0.0016366 -0.000215994 
3.07228 4.14402 0.00918739 -0.00165282 -0.000210197 
3.03091 4.12582 0.0091104 -0.00172548 -0.000224422 
2.99057 4.11671 0.0090395 -0.00172021 -0.000218869 
2.95189 4.11749 0.00897305 -0.00168229 -0.000207832 
2.91328 4.12179 0.00890458 -0.00173431 -0.000209431 
2.8726 4.13136 0.00882707 -0.00188424 -0.000222328 
2.83396 4.12887 0.0087484 -0.00197377 -0.00023138 
2.79362 4.14605 0.00867053 -0.00205067 -0.0002298 
2.75287 4.19012 0.00859734 -0.00200786 -0.000212146 
2.71507 4.225 0.00852993 -0.00201045 -0.000206632 
2.6785 4.28003 0.00846945 -0.00190599 -0.000183826 
2.64153 4.33707 0.00840192 -0.00203724 -0.000189288 
2.60344 4.39379 0.00832562 -0.00223263 -0.00020034 
2.56794 4.4331 0.0082519 -0.00231721 -0.00020487 
2.53513 4.4571 0.00817984 -0.00236263 -0.000206111 
2.5042 4.47606 0.00811016 -0.00235381 -0.000201668 
2.47371 4.49293 0.00803926 -0.00244402 -0.000205406 
2.44447 4.50438 0.00796955 -0.0025104 -0.000206988 
2.41624 4.53107 0.00790515 -0.00243316 -0.000192179 
2.38932 4.54593 0.00783913 -0.00253428 -0.000198395 
2.36049 4.60375 0.00777798 -0.00248404 -0.000178781 
2.33459 4.65136 0.00772482 -0.00239186 -0.000167368 
2.31194 4.68964 0.00768124 -0.0022123 -0.000150994 
2.28936 4.74857 0.00764193 -0.00213343 -0.000135735 
2.26782 4.83102 0.00761129 -0.00192304 -0.000110567 
2.24925 4.90876 0.00758729 -0.00168557 -9.16021e-05 
2.2304 5.00549 0.00756505 -0.0016453 -8.13045e-05 
2.21429 5.0848 0.00754651 -0.00151126 -7.32411e-05 
2.19902 5.16392 0.00752906 -0.00145938 -6.82083e-05 
2.18377 5.23649 0.00751105 -0.00156792 -7.31754e-05 
2.16884 5.32784 0.00749626 -0.00144037 -6.02661e-05 
2.15635 5.40391 0.00748441 -0.0012666 -5.18579e-05 
2.1451 5.46276 0.00747417 -0.00125251 -5.25943e-05 
2.13536 5.51474 0.00746602 -0.00110956 -4.53129e-05 
2.12656 5.56627 0.0074594 -0.000991283 -3.88457e-05 
2.11877 5.61232 0.00745422 -0.000894372 -3.44322e-05 
2.11226 5.63978 0.00744971 -0.000847207 -3.44494e-05 
2.10723 5.64071 0.00744582 -0.000813953 -3.65518e-05 
2.10283 5.63384 0.0074425 -0.000775686 -3.5859e-05 
2.09866 5.6382 0.00744008 -0.000660717 -2.89306e-05 
2.09479 5.64996 0.00743817 -0.00056082 -2.32039e-05 
2.09112 5.66361 0.00743667 -0.000517462 -2.08324e-05 
2.088 5.6758 0.00743556 -0.000438786 -1.74458e-05 
2.08555 5.67424 0.00743443 -0.000430389 -1.90205e-05 
2.08314 5.66732 0.00743307 -0.000465556 -2.13612e-05 
2.0809 5.65578 0.00743175 -0.000473919 -2.24283e-05 
2.07905 5.63792 0.00743065 -0.000455362 -2.26267e-05 
2.07702 5.6339 0.00742985 -0.000385932 -1.75424e-05 
2.07502 5.63463 0.00742926 -0.000343955 -1.49772e-05 
2.07346 5.6351 0.0074289 -0.000270578 -1.17753e-05 
2.07188 5.64414 0.00742863 -0.000208289 -7.71681e-06 
2.07063 5.64708 0.00742843 -0.00019857 -8.20006e-06 
2.06944 5.6517 0.00742825 -0.00017502 -6.90091e-06 
2.06863 5.65067 0.0074281 -0.00015298 -6.79444e-06 
2.06798 5.64423 0.00742796 -0.00016594 -8.17944e-06 
2.06748 5.63655 0.00742783 -0.000149066 -7.65427e-06 
2.06696 5.63103 0.00742773 -0.000135216 -6.7349e-06 
2.06624 5.63224 0.00742766 -0.000119655 -5.0229e-06 
2.06572 5.63349 0.00742763 -8.43278e-05 -3.47776e-06 
2.06538 5.63196 0.00742759 -7.23245e-05 -3.38388e-06 
2.0647 5.63605 0.00742755 -9.02112e-05 -3.29213e-06 
2.0642 5.63778 0.00742752 -7.67695e-05 -3.068e-06 
2.06372 5.63956 0.00742749 -7.35384e-05 -2.91673e-06 
2.06338 5.64011 0.00742748 -5.73138e-05 -2.40305e-06 
2.06323 5.63934 0.00742747 -3.16998e-05 -1.49412e-06 
2.06303 5.63889 0.00742746 -4.12754e-05 -1.86093e-06 
2.06272 5.63984 0.00742745 -4.77122e-05 -1.92288e-06 
2.06257 5.63808 0.00742744 -4.14588e-05 -2.06945e-06 
2.06243 5.63896 0.00742744 -1.83267e-05 -6.59267e-07 
2.0622 5.63995 0.00742743 -3.31124e-05 -1.28344e-06 
2.06191 5.64215 0.00742742 -3.61638e-05 -1.22748e-06 
2.06156 5.64264 0.00742741 -5.94673e-05 -2.49947e-06 
2.06135 5.64169 0.00742739 -4.46712e-05 -2.08126e-06 
2.06111 5.638 0.00742737 -7.30384e-05 -3.73349e-06 
2.06088 5.63598 0.00742734 -5.84451e-05 -2.84633e-06 
2.06033 5.63607 0.00742729 -9.82367e-05 -4.24409e-06 
2.05973 5.63806 0.00742723 -9.30619e-05 -3.72237e-06 
2.05909 5.63948 0.00742717 -0.000106209 -4.37734e-06 
2.05838 5.64181 0.00742711 -0.000110535 -4.4205e-06 
2.05791 5.64218 0.00742708 -8.34405e-05 -3.54467e-06 
2.05734 5.64677 0.00742705 -6.75152e-05 -2.20049e-06 
2.05688 5.6494 0.00742703 -6.20442e-05 -2.2646e-06 
2.05639 5.65325 0.007427 -6.03697e-05 -1.99899e-06 
2.05587 5.65697 0.00742698 -6.57195e-05 -2.24777e-06 
2.05536 5.66142 0.00742696 -5.77683e-05 -1.79089e-06 
2.05491 5.66472 0.00742694 -5.64091e-05 -1.90676e-06 
2.05456 5.66672 0.00742693 -4.87133e-05 -1.77634e-06 
2.05422 5.66935 0.00742692 -4.19377e-05 -1.38759e-06 
2.05394 5.6718 0.00742691 -3.16187e-05 -9.75795e-07 
2.05378 5.67271 0.00742691 -2.24421e-05 -8.18243e-07 
2.0537 5.67301 0.00742691 -1.33592e-05 -5.24141e-07 
